# Molecule          Frequencies (cm^-1)      ...      ZPE (kJ/mol)
C4H4                 221.0783     315.4624     552.7044     633.1469     663.3548     704.1720     894.6699     962.6337    1017.0962    1116.9038    1329.0382    1455.2260    1667.0524    2172.0727    3170.0959    3178.0262    3267.0649    3486.6060      160.33795262
CH                  2874.2922       17.19209016
H                   0.00000000
i2                   201.0853     219.0368     329.5754     513.2457     513.7433     630.9506     666.4958     770.5616     858.9631     889.7300     913.6495     978.6218    1067.5311    1107.2495    1202.5576    1392.0585    1513.3431    1546.8669    1746.2568    3170.7956    3175.0781    3265.6183    3274.2721    3310.8059      198.92762581
i3                   193.9006     208.1536     482.2092     497.4170     617.6730     664.1191     668.5362     790.3703     852.5941     872.5007     957.4549    1046.5876    1084.2441    1088.3635    1130.7767    1247.5616    1367.0306    1475.7203    2179.6452    3125.0301    3147.3425    3207.4990    3247.1506    3489.3898      201.21953928
i4                   154.3067     169.1536     395.7109     428.7151     554.4461     569.2422     596.4388     661.2892     773.3620     878.8890     930.7404    1025.1386    1095.2351    1189.4992    1304.5843    1341.1267    1470.6929    1552.5700    2127.0192    3167.1838    3174.8645    3184.9369    3267.8088    3486.4777      200.37115581
i5                    90.3222     198.7730     319.2872     327.3683     438.5808     584.0483     656.2593     667.7956     867.2081     906.5111     920.0349     983.1089    1063.0492    1232.0665    1321.7958    1426.7087    1453.4784    1758.3455    2195.1683    2987.0606    3062.6438    3072.4768    3195.7392    3491.5062      198.69581518
i6                   233.0233     246.5765     343.9044     417.6255     630.2799     646.6875     737.1481     774.8153     883.9334     930.6503     945.1051     947.1408    1030.7666    1035.5844    1141.1538    1442.2575    1470.7533    1709.5588    1934.5083    3116.4464    3162.9044    3204.2654    3252.4972    3286.3522      200.51773847
i7                   189.3743     265.6040     404.8724     536.5225     557.7664     564.6442     633.4224     658.8235     672.5129     790.3074     802.8796     818.9037     988.2965    1054.4041    1276.1834    1385.9203    1489.1667    1539.5144    2210.0346    3175.9128    3182.6758    3286.4509    3287.8588    3488.4291      198.94191103
i8                    90.7223     189.0884     332.3631     372.5397     488.5946     651.9195     663.4632     686.2867     825.9810     856.0706     948.4613     974.1242    1037.5665    1215.4601    1281.7145    1324.9854    1476.9266    1691.2622    2187.7369    3049.0484    3098.9113    3146.1141    3263.7152    3490.2772      199.43747797
i9                   157.4819     228.7453     382.3362     443.0170     567.2678     589.2083     650.6183     662.7101     736.4461     881.9146     948.6996    1012.4735    1043.9286    1152.7749    1256.3111    1418.7016    1443.8219    1557.6593    2144.2080    3173.1862    3180.2809    3202.5596    3273.0008    3486.8484      200.93799629
i10                  147.5486     158.1573     202.7685     327.8859     411.0854     523.5138     623.1710     668.2015     796.7606     897.0189    1050.9753    1053.4092    1071.0944    1289.4281    1405.8753    1465.3998    1485.1754    1769.7478    2199.6157    3001.9829    3053.6164    3086.9521    3111.3649    3490.8056      199.12777308
i11                   60.5662     149.5644     218.7460     387.4329     431.8920     448.7173     509.9224     649.3925     748.3296     792.9628    1037.6026    1066.7135    1104.2129    1324.1908    1412.8147    1495.4511    1500.1806    1858.4444    2130.7973    3046.4590    3069.4163    3101.1747    3150.9075    3487.0435      198.47808460
i12                   22.7792     137.3359     194.0087     311.8484     390.0079     496.2517     709.1058     720.2759     893.1096     929.4517    1060.3831    1063.0308    1184.0689    1279.9880    1425.6824    1492.9211    1493.2019    1686.0654    2325.9972    3051.6946    3115.1858    3119.2306    3133.2837    3264.3446      200.37008635
i13                   16.8846      78.3748     151.9823     178.9219     346.2929     396.1145     564.3272     679.4292     902.1574     985.6691    1044.3594    1052.8283    1144.1149    1421.3077    1454.9988    1481.6379    1487.2493    1891.5507    2216.4571    3039.3123    3085.5509    3098.9292    3110.6229    3162.3063      197.33232854
i14                  139.6456     205.7844     258.8926     434.9807     445.1756     513.2787     656.0053     757.7890     783.7415     884.1153     980.9936    1053.9972    1055.9956    1137.9951    1413.0689    1488.0153    1490.4315    1660.4093    1860.1198    3053.4198    3116.2460    3138.9860    3265.9098    3307.8085      197.99880123
i15                  171.6784     178.1686     270.2974     368.4727     531.5220     538.6140     643.3850     678.0818     691.6875     770.8310     852.2368    1028.3141    1052.8231    1194.0462    1402.4788    1480.5736    1482.2633    1641.3951    2190.8530    3030.7571    3087.9679    3123.9399    3240.7376    3476.1282      198.14503278
i16                  217.4237     347.5997     526.1883     718.2350     723.6699     789.0217     846.2966     897.1456     911.6564     961.6099     986.0730    1096.3229    1109.2509    1189.8055    1233.3566    1448.5542    1471.7341    1615.2772    1764.7891    3057.4322    3123.4062    3168.3076    3255.8330    3270.0499      207.72584404
i17                  141.9540     178.9855     285.4053     328.9317     447.5005     534.8473     670.4722     740.4732     761.2372     939.4596    1010.5888    1041.3602    1074.9957    1305.0046    1319.2864    1452.2257    1499.7240    1612.6632    2035.6161    3162.5869    3165.4798    3175.6041    3256.6314    3271.3957      199.85076455
i18                  201.7711     348.3160     462.0991     692.5683     724.4030     833.8807     848.0185     889.2603     918.5022    1007.9113    1008.5534    1068.6897    1138.8390    1160.3458    1223.2476    1452.2205    1482.3571    1606.8241    1738.3252    3091.9829    3147.3859    3165.8020    3255.6969    3264.2808      207.73925538
i19                  110.4076     133.2468     155.3784     351.5282     452.1887     506.8807     613.7116     888.3018     901.5547     903.2749     955.8266     983.0701     987.0645    1034.7715    1334.4953    1451.8838    1466.1106    1862.2402    1939.2981    3088.8227    3092.9366    3130.6487    3152.2295    3152.2879      195.27941586
i20                   38.8138     148.4728     326.4063     386.7109     516.8107     633.9158     688.9846     841.7768     869.2278     879.7008     911.6468     930.4014    1016.7895    1155.9420    1283.4100    1380.1352    1486.0567    1722.3633    2054.4825    3067.2759    3141.7878    3168.8011    3218.0873    3279.4311      198.26572287
i21                  219.3869     347.6509     528.0416     671.1184     708.0398     743.8857     781.0352     834.8691     850.3024     889.6473    1010.3886    1019.6286    1040.9763    1115.7374    1165.9742    1179.8936    1321.6088    1466.6571    1802.5892    3177.3947    3192.7253    3211.8768    3217.4926    3268.2096      201.96038562
i22                  310.3126     458.5937     681.8882     789.1292     805.7976     837.3961     913.8240     940.3577     955.3404     967.0270    1003.6152    1119.5848    1125.0960    1222.4795    1255.1360    1350.5681    1423.4338    1628.9937    1659.5505    3064.9699    3099.7447    3214.5511    3242.0781    3249.2337      211.25280944
i23                  446.2473     494.4294     530.2992     685.4853     728.3566     830.0820     851.2342     896.7880     907.4345     948.4315     969.2696    1044.5678    1091.5805    1153.4726    1239.0091    1307.1257    1412.7622    1457.7150    1569.9529    3231.2402    3232.2284    3246.0507    3262.1178    3269.9391      208.18509295
i40                   73.0422     199.6527     282.9094     435.7246     639.9907     700.0958     750.9729     900.6140     960.3645     996.4950    1017.2421    1054.8013    1075.8098    1114.1267    1327.0105    1450.2924    1514.9786    1654.1810    1874.0093    3088.4375    3169.3887    3172.7755    3179.2073    3265.9112      202.75532591
i41                  129.5649     161.7356     192.8901     383.7272     468.4123     623.2122     709.1342     775.3870     872.6424     951.8836    1041.4159    1048.0259    1061.6170    1177.4306    1407.9964    1472.8307    1499.7177    1617.7626    1872.7404    2996.0338    3069.6042    3090.9185    3250.0157    3294.1066      198.39357140
i42                   86.2085     194.7876     333.3899     494.5931     575.3843     645.1030     756.5109     844.8021     895.1246     900.7020     948.6193    1005.0511    1026.3692    1057.9347    1124.2240    1367.1673    1430.6961    1702.3674    1756.9999    3064.7666    3113.1674    3183.6056    3271.4564    3318.9050      197.96967753
p1                   138.2842     296.2742     345.8787     353.5545     603.2085     613.4659     638.8172     671.4137     885.7588     888.9620     952.9534    1011.1392    1138.0006    1356.3913    1474.2810    2034.7922    2175.4317    3144.8882    3154.2597    3223.0162    3488.4259      171.00142229
p2                   135.1590     307.4838     326.6490     331.7157     563.1229     658.2849     660.2572     671.1304     673.0668     907.6602     943.0214    1002.5579    1251.5819    1346.4305    1470.5450    2196.6230    2199.1460    3049.8726    3080.3336    3490.0996    3491.0645      171.99796450
p3                   145.6398     145.9198     337.6871     337.8996     516.2573     516.2733     636.0173     636.0220     676.8863    1057.8020    1058.1087    1179.5233    1424.1481    1489.0302    1489.1690    2126.5616    2311.4369    3052.1929    3119.3770    3119.4503    3485.0396      172.62382815
p4                   235.0769     235.0769     514.8342     514.8342     647.0721     647.0721     652.7990     652.7990     907.6747    2068.6838    2239.9926    3481.5313    3482.3864       97.37505471
p5                   348.9451     405.9039     509.9718     638.5246     676.4915    1042.6059    1074.9223    1474.0782    2040.9431    3174.6147    3271.1819    3484.7045      108.51859729
p6                   149.8653     149.8761     333.7291     333.7413     528.2716     528.2774     700.5873     748.3674     854.4652     854.4693    1012.9088    1012.9184    1324.1270    1445.7756    1514.0314    1940.4868    2209.5899    3142.2861    3143.1021    3222.5105    3222.5272      169.70177917
p7                   202.8401     217.6552     526.2150     535.9857     620.0710     632.1997     666.5304     814.0772     849.7064     910.8663     966.9411    1017.8716    1057.0719    1165.2232    1376.9867    1710.9609    2174.1930    3116.5819    3277.6218    3324.6412    3489.6153      171.38816612
p8                   191.2425     204.1444     464.3325     511.3852     636.4281     650.0415     653.5126     745.9727     958.8509    1011.6820    1011.8634    1073.4242    1105.8980    1157.7240    1531.0755    1787.0990    2174.5397    3078.1190    3152.0575    3293.9518    3484.0390      172.72516025
p9                   194.3601     196.5593     358.9437     542.6732     638.5665     639.5816     716.8701     857.6474     873.5937     897.1650     981.6659    1049.3758    1058.5812    1369.6421    1523.2975    1656.6643    2101.3351    3114.5431    3182.5531    3264.7458    3308.5414      170.62883807
CH3                  514.5117    1427.7246    1427.7253    3139.8697    3321.1825    3321.2000       78.66773097
C2H2                 628.6482     628.6482     762.4262     762.4262    2028.2071    3438.0702    3535.6603       70.48450951
ts_i5_i6            -682.7640     134.2351     190.2129     316.9608     355.2958     489.6954     508.9269     688.6036     853.3299     906.5767     937.8233     957.1382    1025.3346    1117.5589    1192.5472    1428.1971    1443.8847    1764.8748    1964.5463    3014.5281    3043.1163    3071.5310    3148.8735    3409.8888      191.18531750
ts_i6_i7            -671.1750     198.7764     243.3501     309.7393     379.0894     420.9459     618.4508     691.7729     777.5672     803.6824     852.3791     930.1959     959.0081    1031.0504    1176.6177    1431.2806    1466.3245    1721.8096    1986.0914    3154.9570    3168.7208    3263.5462    3264.5556    3411.3945      192.96551622
ts_i5_i8           -2082.8410      63.2656     183.7960     245.1564     327.5340     354.3511     491.7192     632.6427     655.1179     666.4169     823.0357     888.1964     942.3686     980.5818    1220.9121    1307.9306    1464.8719    1829.1844    2193.9781    2390.8604    3015.9541    3080.4548    3110.1388    3491.2537      181.59151121
ts_i9_i5           -1956.7906     131.2005     210.9864     316.9679     380.5800     507.6693     591.1153     663.3064     682.5871     825.8092     874.3359     921.9520    1024.8999    1103.2911    1132.8212    1292.3507    1448.9358    1681.9956    2151.9226    2182.2224    3094.5810    3110.8876    3216.3021    3489.8059      185.63970346
ts_i5_i20          -1683.4517     125.8667     179.0119     326.1496     358.9108     424.9094     558.6489     614.1086     644.6616     752.8356     895.5940     901.7555     954.3229     993.3136    1100.1426    1205.1365    1340.3387    1449.2925    1908.2200    2043.9155    3054.1323    3126.8127    3132.8399    3432.8557      176.59144411
ts_i12_i13         -2081.5899      20.6874     136.1712     142.1374     242.2544     294.0676     376.0636     484.0667     587.1020     657.9915     859.9018    1054.7597    1056.4046    1139.5849    1423.3010    1486.9618    1490.4661    1847.2970    2272.4608    2355.2436    3046.9908    3071.8858    3110.2893    3114.4816      181.05827205
ts_i17_i13         -1843.1828     128.2744     154.2650     252.9760     354.7533     521.3830     522.9633     588.1550     754.1855     813.7477     849.8502    1014.1771    1039.0499    1054.4087    1244.9261    1459.2084    1470.5478    1762.5971    2174.2753    2226.4624    3105.2457    3129.8774    3204.1986    3236.3844      185.79154790
ts_i9_i10          -1847.9891     124.4423     273.8417     310.9324     415.6460     526.1754     590.1019     637.5045     664.9345     810.3131     881.4646     957.1466    1037.5335    1101.0151    1131.8039    1353.1778    1464.3121    1652.4091    2178.5838    2195.3070    3089.5648    3180.9872    3223.0992    3489.6013      187.15520441
ts_i5_p2           -2087.0758     104.0345     130.4980     232.0448     277.4546     350.2460     503.6647     510.2599     561.6587     646.6399     714.8649    1027.5868    1031.1523    1067.2117    1395.6624    1477.8515    1487.1017    1889.4335    2159.7508    2342.7717    3026.1116    3109.3933    3128.1733    3486.0599      183.38534377
ts_i7_i16           -807.1340      87.5769     351.7372     373.3330     535.1122     586.7392     637.5005     708.5402     750.7700     831.5249     913.7645     938.5019     961.5932    1038.7499    1244.9653    1417.4792    1451.9726    1734.2400    1798.5147    3137.0391    3172.2668    3251.6430    3263.7200    3395.3736      194.88762918
ts_i7_i15          -2232.2978     183.3353     233.9933     466.0297     508.9108     521.4519     569.4931     655.9815     657.0943     713.5087     851.2901     965.7487     994.2517    1059.5631    1121.2612    1223.0656    1434.9058    1711.2916    1876.6144    2200.8361    3099.8970    3172.3971    3201.6370    3485.6507      184.87219594
ts_i16_i18          -846.9339     176.6176     346.1641     431.7800     473.6839     722.5461     726.9165     840.5928     857.5802     884.4198     942.3976     950.3800    1107.6386    1141.0638    1168.2433    1373.7435    1434.0959    1447.9427    1738.1777    2270.2115    3092.5080    3165.6096    3171.3399    3257.0225      189.73182859
ts_i16_i17          -748.9935     221.3643     267.5173     541.1420     555.1971     640.4035     722.1193     853.0132     862.7648     893.5591     986.3764    1005.8466    1043.2380    1169.3659    1299.0259    1431.6830    1478.0892    1542.4086    1908.0525    3101.8079    3156.5836    3216.5311    3241.7632    3249.1054      199.69841290
ts_i18_p5           -684.7212     250.1191     295.8160     442.7249     636.4076     644.8283     698.8477     803.6778     880.6055     932.7947     979.8239    1012.9617    1064.7861    1162.8712    1292.5533    1438.8503    1474.1960    1531.3666    1788.5530    3122.4645    3137.8588    3205.1699    3240.9122    3245.3289      199.07970472
ts_i21_i18         -1123.2304     199.7324     339.4666     454.2843     670.8965     722.0309     724.4830     833.2122     870.9338     921.6650     944.3692     948.6894    1078.9839    1171.9772    1212.6830    1278.5224    1306.2873    1458.2248    1761.7943    2097.4955    3167.7462    3193.3311    3230.8055    3258.0052      190.47916048
ts_i17_p5          -1584.0371     122.9523     144.0991     287.0716     374.2411     430.3184     524.2606     597.9555     679.1658     728.4104     774.4557     882.5586    1014.0675    1024.7323    1274.0400    1444.7887    1479.9644    1782.7352    2005.7241    2094.2398    3090.4438    3174.8782    3187.1865    3269.0391      181.75664077
ts_i20_i19         -2071.7331      76.0032     183.4007     260.4560     299.3581     328.9528     504.3496     628.0099     650.9631     827.1044     878.0731     881.0676     916.2515    1013.1705    1112.9183    1336.7376    1471.6333    1852.8240    2016.8932    2364.8677    3084.5622    3136.6014    3169.4722    3212.4268      180.67263537
ts_i20_i21          -747.4630     254.6559     281.4673     477.2601     612.7561     669.4027     737.3195     790.6413     857.2000     872.8668     923.6459    1001.9618    1040.1628    1062.9328    1235.4344    1343.8067    1456.2592    1574.6926    1899.2251    3149.4693    3166.6463    3195.7818    3211.6302    3237.7101      197.70047402
ts_i10_i14          -714.0594     127.7343     184.2951     224.9359     390.0926     427.9499     522.7332     524.9373     778.8800     875.5947     953.4707    1044.4800    1050.3421    1176.5266    1405.3917    1476.9562    1482.7508    1788.3346    1892.6730    3024.1203    3098.4217    3114.4149    3172.1820    3428.0105      192.39084379
ts_i14_i15          -753.6499     139.8414     226.6035     248.6633     422.3045     461.7775     522.8837     552.0443     638.8610     740.6529     786.8235     987.5164    1052.9524    1199.8603    1411.2888    1489.0064    1494.8522    1726.7346    1918.1187    3059.7120    3125.1107    3151.1862    3260.2945    3435.9789      191.71997543
ts_i13_p3           -348.9190      17.3520     132.0410     148.1799     233.6316     336.8443     352.7779     526.8409     538.4429     632.5779     681.1456     697.1524    1046.1448    1047.4767    1184.8677    1413.6468    1472.3485    1472.7095    2137.6532    2333.7805    3021.0495    3080.1231    3081.2009    3472.9798      173.82323614
ts_i13_p6           -694.5692     137.0386     151.1984     264.0875     311.1520     357.4741     366.6638     553.7887     557.8947     785.3298     798.1798     882.1672     901.5274    1014.4905    1024.3452    1337.3719    1444.4420    1527.4249    1994.7230    2391.1036    3145.7451    3151.4978    3223.8217    3232.7034      176.77325023
ts_i8_p2            -855.7037     102.2611     171.9114     318.9862     354.9092     416.8832     520.2883     569.4926     657.5445     661.9715     674.2243     682.7544     911.0033     949.2636    1002.9928    1248.8411    1343.7192    1471.0770    2139.7196    2198.9650    3058.6997    3094.5989    3478.9451    3490.9363      176.56879162
ts_i9_p1            -924.3869      95.3518     150.8665     283.0914     360.1403     388.9960     548.3642     594.4698     632.0588     632.5458     683.0897     875.0433     880.5204     963.0874    1015.1830    1134.7664    1358.9554    1470.2997    1977.8610    2179.9645    3143.9253    3189.2392    3229.1710    3495.5619      175.14861154
ts_i10_p3          -1038.4136      91.6988     138.7393     165.3440     313.2104     348.5632     533.7056     535.4446     576.1682     652.2279     659.9454     727.4113    1045.4896    1060.3141    1172.4265    1418.8185    1480.2539    1485.6591    2131.6789    2340.3431    3039.3237    3103.9625    3122.4627    3491.5208      177.25499253
ts_i10_p1           -731.9341     125.9749     189.8228     281.1951     343.9217     404.9821     410.1061     611.5400     624.8109     672.9926     697.1732     904.5368     943.1468     947.9651    1023.3495    1136.4778    1351.1646    1472.6092    2008.5830    2182.7326    3132.4297    3146.6322    3226.3363    3488.2348      175.41277698
ts_i11_p3           -844.1659     137.2327     142.9277     173.2395     362.5131     396.9164     479.7443     525.5927     572.4204     650.1482     658.6927     695.6921    1055.5988    1067.5073    1173.4548    1421.8556    1486.2757    1491.8128    2146.1265    2374.8209    3059.0395    3131.2699    3131.5696    3490.4828      178.39277248
ts_i12_p3          -1127.0485      12.5531     148.2890     157.9671     350.5728     354.0362     501.5871     532.1614     571.4611     625.3958     658.4621     723.9185    1058.7289    1059.9447    1176.2384    1424.1406    1489.2021    1489.4892    2086.5422    2383.2118    3053.9948    3121.1787    3121.9533    3473.0523      176.89233910
ts_i20_p1           -850.1180      40.5544     152.0312     326.2564     370.7973     405.3522     536.8729     614.5898     641.1131     673.1278     687.1721     894.1780     902.9041     957.9484    1013.5390    1140.0000    1347.6332    1472.3106    2074.9596    2139.7756    3148.7453    3189.7489    3232.9097    3472.1616      176.05854170
ts_i19_p6          -1029.5411     152.3266     158.2507     254.1352     324.5298     361.8258     497.9987     556.9792     577.2201     735.9734     805.2055     880.5638     885.1548    1001.7879    1013.5455    1337.1724    1438.3401    1528.8917    2013.5058    2330.8666    3130.5640    3150.4561    3211.4359    3229.5692      176.90560330
ts_i19_p1           -296.7828      59.8533     141.3162     200.0166     310.1157     359.5917     365.0488     606.6565     632.9142     681.4379     685.8594     882.7980     883.7699     954.5227    1000.8610    1137.7811    1351.9082    1462.0597    2035.3060    2175.9421    3111.0644    3115.9454    3183.3737    3473.6753      172.33299016
ts_i17_p6           -922.9292     147.3689     151.0926     245.7289     356.0059     413.0314     465.7142     556.5635     572.4855     770.3624     789.8493     886.3274     898.0016    1019.7187    1020.9228    1344.6124    1448.1739    1537.0166    2008.6272    2320.0424    3150.4316    3156.0925    3231.0196    3247.5919      177.86550149
ts_i5_p1           -1007.7540     135.3910     228.4748     306.8188     347.8146     456.4978     499.3027     589.3505     634.2926     648.6982     678.6041     891.0297     947.2245     970.1377     998.5289    1127.8925    1350.4274    1462.6591    1993.8668    2210.9490    3125.6171    3156.8046    3204.0594    3490.5878      176.18025220
ts_i5_p2            -765.6252      58.4791     135.8888     241.1774     315.7839     335.1131     457.8571     575.5637     661.4167     666.3277     675.2410     835.4970     908.5266     938.3521    1005.8432    1245.4677    1343.5789    1464.2734    2165.1872    2199.1480    3036.5213    3073.6189    3462.5980    3490.3188      175.20380007
ts_i15_p4           -653.2117      92.3512     157.8948     244.2719     271.1698     468.0147     487.1336     536.5857     574.9852     576.1628     649.5853     661.5000     684.5715     866.8183     930.2515    1434.5666    1439.0810    1981.5785    2277.4538    3115.9683    3281.2300    3282.8221    3457.5561    3491.6118      185.20090472
ts_i11_p4           -527.1545      45.4405      90.7136     240.3142     285.2703     447.3365     486.7091     513.0236     534.3165     636.0572     658.0346     666.8696     719.9057     834.9256     915.9905    1430.4088    1438.4911    2046.0588    2312.3417    3121.1539    3286.0720    3295.9448    3437.9842    3491.2955      185.03039973
ts_i20_p5           -750.3178      23.0189     131.0840     250.5556     321.2804     396.7144     486.7191     558.1810     649.3702     713.6988     758.3494     779.5842     803.1368     896.6339    1037.1073    1162.5929    1478.7822    1828.4307    1962.4301    3159.6648    3245.5991    3365.8915    3373.6068    3469.9728      184.53841500
ts_i4_i9            -205.9614     172.5542     317.4602     381.9529     474.7755     504.6432     603.0420     642.6214     689.7026     934.8869     968.1410    1011.4217    1062.7918    1142.9866    1323.5165    1356.8981    1461.4688    1685.8789    2046.5426    3125.2747    3162.6589    3173.8448    3251.4489    3485.1351      197.26215378
ts_i2_i40          -1301.9944     180.0413     202.9826     293.0417     524.2381     557.7028     623.1705     782.5194     793.8185     859.6936     909.6182     967.4160    1090.8114    1162.8757    1226.4052    1309.6325    1411.8380    1519.6135    1635.1811    2060.2240    3168.5564    3178.9203    3232.8715    3279.5242      185.24595610
ts_i2_i41          -1954.7089     161.6020     227.8687     361.0961     391.7386     525.1827     632.2057     744.4072     817.0462     839.9792     896.2884     966.1573    1038.2031    1059.5102    1072.4808    1249.4872    1462.6734    1586.3718    1810.6381    2202.8767    3091.1381    3215.0934    3247.5975    3289.7639      184.75973258
ts_i2_i42          -1375.1904     186.7236     287.2656     422.1596     464.9455     548.7104     615.5553     646.6831     744.1127     839.5573     917.3098     964.0903     989.5611    1039.6923    1096.3970    1267.4929    1473.4221    1570.8701    1680.1714    1933.8307    3125.0068    3235.3625    3241.7157    3284.5634      182.88035623
ts_i3_i4           -1043.4202     172.0304     210.3151     446.8276     509.2650     531.8574     665.6640     674.1642     717.3420     812.6538     962.8617     997.4077    1048.6699    1140.3042    1253.9657    1343.5534    1368.3165    1534.8172    2138.1148    3096.9546    3179.4165    3196.0259    3222.6038    3490.0517      195.66834347
ts_i40_i17          -589.9383      84.4822     195.3701     245.6608     312.1805     497.6836     575.4250     697.5540     874.9070     985.4902     990.4175    1012.9882    1088.7257    1120.4654    1327.3914    1440.4842    1455.4493    1673.7017    1935.4278    3165.9611    3171.9315    3181.0078    3270.4678    3283.8650      194.91382680
ts_i42_i20          -739.5154     145.8352     202.2710     362.8557     429.9493     537.7785     621.3779     700.2608     832.9095     892.8502     896.5668     946.0401     997.0064    1090.7046    1171.1774    1320.3937    1453.2262    1712.0264    1862.6670    3085.8299    3170.4446    3171.2242    3191.2083    3298.1734      191.95749045
ts_i41_i12          -718.4295      76.7569     143.7093     191.5862     380.6430     404.1702     530.7364     714.2761     789.0151     862.8847    1028.1759    1064.3354    1087.7890    1254.6315    1416.9465    1481.1871    1492.8355    1649.3838    2001.6525    3016.3112    3080.3666    3102.7429    3185.0913    3252.1711      192.64307708
ts_i3_p7            -616.5486     186.5758     198.2671     248.5444     348.3348     536.1560     542.2296     666.3986     670.1151     706.0412     846.6387     878.9085     917.7373     953.4875    1024.8979    1053.7815    1174.1107    1378.8478    1676.5224    2243.1993    3116.1642    3282.4620    3326.0220    3485.7641      176.21719827
ts_i3_p8            -943.6713     186.1818     229.5677     316.4004     461.2348     491.4509     513.0436     642.2301     660.1815     671.3160     737.8497     948.9295    1002.2534    1031.8016    1075.7561    1098.0491    1161.1577    1521.9348    1752.1995    2226.6426    3080.9658    3156.9525    3293.6895    3487.9571      177.93108379
ts_i2_p9            -309.3236     106.3621     197.7339     231.7335     337.4205     456.3595     534.5494     663.5997     664.2071     727.5308     881.3269     883.8997     911.0040     982.2293    1047.1006    1065.2920    1368.2371    1511.8017    1654.3263    2047.9126    3125.3160    3202.7373    3268.1643    3311.2685      174.53588409
ts_i20_i22          -516.7104     259.0309     412.0885     531.1483     537.8356     670.5616     682.6664     827.3157     864.4459     877.6546     892.2048     980.6439    1003.4833    1119.2294    1218.8557    1318.4068    1471.6783    1626.1214    1812.8336    3126.2844    3143.8322    3203.0307    3235.2028    3277.6301      197.93527831
ts_i22_i23         -1369.7857     549.7040     585.6412     725.2487     726.5201     811.3259     829.3315     853.2590     927.7085     992.4779    1057.6836    1097.8101    1121.1209    1167.2223    1236.3430    1335.3375    1386.5712    1436.5629    1493.8201    2105.2395    3218.4194    3247.0987    3269.4911    3272.3453      200.05325231
